[vector]
x=663.569519
y=294.956360
z=-382.939484
