[vector]
x=1489.281616
y=274.289001
z=-1501.126587
