[vector]
x=155.750046
y=201.115417
z=1284.750488
