[vector]
x=2874.504150
y=299.157593

z=-1162.549927
