[vector]
x=850.102844
y=430.419220
z=1447.277100
