[vector]
x=1588.197510
y=303.951935
z=166.758270
