[vector]
x=2033.287720
y=265.148560
z=-303.174377
