[vector]
x=1911.942505
y=224.191452
z=606.022705
